                precision    recall  f1-score   support

         anger     0.7660    0.3851    0.5125      1088
       anxiety     0.7658    0.7413    0.7534       375
      calmness     0.5734    0.9111    0.7039        90
    confidence     0.8951    0.8896    0.8923       163
     confusion     0.5163    0.6989    0.5939       362
   contentment     0.7551    0.7872    0.7708       188
disappointment     0.2801    0.4988    0.3587       425
       disgust     0.4204    0.6635    0.5147       422
    excitement     0.3786    0.5976    0.4636       415
          fear     0.7721    0.5766    0.6602       940
   frustration     0.6723    0.8556    0.7529       187
     gratitude     0.7347    0.7852    0.7591       582
          hope     0.4611    0.5409    0.4978       416
           joy     0.5774    0.5120    0.5428       750
    loneliness     0.8871    0.9593    0.9218       172
          love     0.5068    0.6861    0.5830       599
       neutral     0.4173    0.2053    0.2752       750
         pride     0.6867    0.8444    0.7574       257
       sadness     0.5144    0.5733    0.5422       750
         shame     0.7125    0.8162    0.7608       419
      surprise     0.7419    0.4694    0.5750       931

      accuracy                         0.5825     10281
     macro avg     0.6207    0.6666    0.6282     10281
  weighted avg     0.6152    0.5825    0.5795     10281
